NWeights = 262144+65536+16384+4096+1024+32;
NBiases = 1024+1024+1024+1024+1024+1024;
NParameters = NWeights+NBiases;